0.069900
0.255400
0.562200
0.762700
0.695000
0.819000
0.810700
0.846300
0.838600
0.852200
0.866700
0.861500
0.862100
0.870000
0.870400
0.876600
0.881500
0.884700
0.884000
0.887400
0.888400
0.887300
0.887500
0.892800
0.896900
0.898700
0.896800
0.897400
0.899100
0.901200
0.903300
0.906100
0.904300
0.904500
0.905200
0.907100
0.907600
0.909700
0.912300
0.914500
0.915000
0.915100
0.916200
0.916900
0.916600
0.917600
0.918800
0.919500
0.920300
0.922000
0.922700
0.923300
0.923700
0.924200
0.924400
0.924900
0.925500
0.925900
0.926800
0.927900
0.928200
0.929100
0.929200
0.929500
0.929900
0.930500
0.931400
0.931700
0.932100
0.932200
0.933500
0.934300
0.934900
0.935000
0.935100
0.935400
0.935400
0.935900
0.936500
0.937300
0.938200
0.938400
0.938600
0.939400
0.940200
0.940800
0.941600
0.942100
0.942800
0.943100
0.943500
0.944100
0.944400
0.944800
0.945200
0.945600
0.945800
0.946300
0.946600
0.946700
0.946900
0.947200
0.947700
0.948100
0.948800
0.949300
0.949600
0.950000
0.950700
0.950800
0.951200
0.951900
0.952300
0.952500
0.953000
0.953400
0.953900
0.954600
0.955100
0.955600
0.955800
0.956200
0.956400
0.956900
0.957100
0.957600
0.957900
0.958400
0.959600
0.960000
0.960400
0.960600
0.960900
0.961100
0.961600
0.962500
0.962800
0.963200
0.963700
0.963800
0.964000
0.964500
0.965000
0.965400
0.965700
0.966100
0.966500
0.966600
0.966800
0.967300
0.967700
0.967900
0.968600
0.968900
0.969100
0.969200
0.969500
0.969800
0.970500
0.970800
0.971100
0.971300
0.971700
0.972000
0.972100
0.972400
0.972700
0.972800
0.973000
0.973400
0.973600
0.974100
0.974300
0.974400
0.974600
0.974800
0.975300
0.975500
0.975900
0.976100
0.976300
0.976600
0.976900
0.977300
0.977400
0.977400
0.977600
0.978200
0.978400
0.978800
0.978800
0.978900
0.979200
0.979300
0.979300
0.979500
0.979500
0.979700
0.979800
0.980300
