0.069500
0.306500
0.552700
0.686000
0.789100
0.815500
0.836800
0.836100
0.841300
0.856700
0.859800
0.862100
0.867400
0.867700
0.872300
0.874200
0.879900
0.880000
0.880700
0.882900
0.884600
0.886500
0.888800
0.889000
0.889700
0.891300
0.891600
0.893100
0.896500
0.897300
0.897200
0.898600
0.899200
0.900600
0.901400
0.902800
0.903700
0.904100
0.905500
0.907300
0.908200
0.908800
0.908900
0.909700
0.910600
0.911600
0.912400
0.913600
0.913100
0.912400
0.912900
0.914700
0.915700
0.917100
0.917400
0.918100
0.917700
0.917800
0.919500
0.920800
0.921200
0.921700
0.921900
0.922100
0.922800
0.923300
0.923500
0.923400
0.924100
0.924200
0.924600
0.925200
0.925400
0.925800
0.926200
0.926500
0.927400
0.927900
0.928100
0.929000
0.929300
0.929900
0.930100
0.930500
0.930900
0.931700
0.932000
0.932500
0.933300
0.933600
0.933700
0.934200
0.934500
0.934700
0.935000
0.935600
0.936000
0.936200
0.936500
0.937300
0.937500
0.937600
0.938200
0.938500
0.938700
0.939200
0.939200
0.939700
0.939800
0.940300
0.940600
0.941200
0.941300
0.941500
0.942200
0.942600
0.942900
0.943300
0.943600
0.943900
0.944200
0.944800
0.945000
0.945300
0.945500
0.946100
0.946400
0.946900
0.947800
0.948100
0.948800
0.949100
0.949300
0.949800
0.950400
0.950900
0.951300
0.951300
0.951500
0.951900
0.952600
0.952700
0.953200
0.953600
0.953900
0.954400
0.954700
0.954800
0.955000
0.955600
0.955800
0.956200
0.956300
0.956600
0.956800
0.956900
0.957100
0.957400
0.957800
0.958200
0.958600
0.958800
0.959200
0.959500
0.960400
0.960400
0.960700
0.961100
0.961600
0.961900
0.962100
0.962300
0.962800
0.963000
0.963200
0.963900
0.964400
0.964700
0.965200
0.965300
0.965800
0.966000
0.966100
0.966500
0.966800
0.966900
0.967100
0.967100
0.967500
0.967500
0.967700
0.968200
0.968800
0.969200
0.969400
0.969600
0.969800
0.969900
0.970100
0.970400
