0.055600
0.155700
0.248900
0.399100
0.624600
0.679800
0.728600
0.801400
0.826500
0.836300
0.842600
0.847100
0.853900
0.859300
0.860300
0.860200
0.866400
0.869300
0.872500
0.874800
0.875500
0.876900
0.878300
0.878200
0.879500
0.881600
0.884000
0.884800
0.885000
0.885000
0.886200
0.887500
0.887600
0.889400
0.891000
0.892000
0.893000
0.894500
0.894900
0.894200
0.894000
0.894900
0.897300
0.897200
0.898400
0.899100
0.900200
0.900200
0.901100
0.902300
0.903000
0.903500
0.903600
0.904700
0.905600
0.906200
0.907000
0.907400
0.907800
0.908700
0.908600
0.908700
0.909700
0.910900
0.910800
0.910800
0.911300
0.911800
0.912400
0.912800
0.913300
0.913600
0.914000
0.914100
0.914100
0.914800
0.915000
0.915000
0.915300
0.916500
0.917100
0.917300
0.917600
0.917800
0.918400
0.918800
0.919000
0.919500
0.920000
0.920300
0.920400
0.920400
0.920400
0.921400
0.921500
0.922000
0.921900
0.922300
0.922200
0.922700
0.923300
0.923300
0.923600
0.924100
0.924500
0.924900
0.925100
0.925500
0.926200
0.926300
0.926600
0.926800
0.927300
0.927900
0.928100
0.928300
0.928300
0.928600
0.929100
0.929600
0.929700
0.929700
0.930000
0.930300
0.930500
0.930600
0.930700
0.931000
0.931100
0.931400
0.932000
0.931900
0.932500
0.932800
0.933000
0.933500
0.933400
0.933600
0.933700
0.933900
0.934300
0.934600
0.934900
0.935300
0.935400
0.935700
0.936000
0.936300
0.936600
0.936600
0.936800
0.937000
0.937400
0.937800
0.938200
0.938600
0.938700
0.939000
0.939300
0.939300
0.939400
0.939700
0.940400
0.940500
0.940700
0.940800
0.941400
0.941400
0.941600
0.941700
0.941900
0.942200
0.942900
0.943500
0.943600
0.943700
0.944300
0.944600
0.944900
0.945200
0.945500
0.945700
0.945800
0.946100
0.946100
0.946300
0.946300
0.946500
0.946600
0.946800
0.947400
0.947400
0.947500
0.947700
0.948100
0.948400
0.948700
0.948600
0.948800
0.949000
