2.495025
2.265938
1.754599
0.999391
1.025985
0.697554
0.650328
0.615044
0.618234
0.558735
0.503016
0.532110
0.534631
0.493657
0.492871
0.479925
0.466268
0.466842
0.455422
0.430151
0.421196
0.419580
0.414130
0.401118
0.386431
0.379589
0.376073
0.370587
0.364802
0.359812
0.353014
0.346631
0.343936
0.341460
0.337209
0.332494
0.327596
0.323344
0.320281
0.317264
0.313797
0.310196
0.306440
0.302931
0.300186
0.297703
0.294930
0.291992
0.289037
0.286153
0.283644
0.281476
0.279197
0.276682
0.274205
0.271920
0.269733
0.267611
0.265548
0.263499
0.261428
0.259321
0.257250
0.255318
0.253472
0.251572
0.249618
0.247718
0.245900
0.244111
0.242338
0.240589
0.238850
0.237118
0.235409
0.233725
0.232068
0.230433
0.228810
0.227192
0.225590
0.224005
0.222440
0.220900
0.219376
0.217855
0.216344
0.214852
0.213381
0.211923
0.210477
0.209040
0.207614
0.206202
0.204805
0.203419
0.202044
0.200676
0.199317
0.197967
0.196631
0.195305
0.193987
0.192679
0.191380
0.190092
0.188815
0.187548
0.186287
0.185036
0.183794
0.182561
0.181338
0.180124
0.178917
0.177718
0.176528
0.175344
0.174169
0.173000
0.171840
0.170687
0.169542
0.168404
0.167275
0.166153
0.165039
0.163933
0.162834
0.161742
0.160658
0.159581
0.158511
0.157449
0.156393
0.155344
0.154301
0.153266
0.152237
0.151216
0.150202
0.149194
0.148192
0.147196
0.146206
0.145223
0.144245
0.143275
0.142313
0.141356
0.140406
0.139462
0.138524
0.137591
0.136665
0.135745
0.134830
0.133922
0.133020
0.132124
0.131234
0.130350
0.129472
0.128600
0.127733
0.126873
0.126018
0.125170
0.124326
0.123488
0.122655
0.121827
0.121005
0.120189
0.119378
0.118573
0.117773
0.116979
0.116190
0.115407
0.114629
0.113857
0.113090
0.112329
0.111574
0.110823
0.110078
0.109337
0.108602
0.107873
0.107149
0.106430
0.105717
0.105008
0.104305
0.103607
0.102914
0.102226
0.101542
0.100864
