2.439903
2.070507
1.566232
1.144668
0.900686
0.748083
0.629478
0.605969
0.589144
0.542869
0.539601
0.538090
0.524317
0.513764
0.505012
0.499728
0.489679
0.482850
0.470050
0.463171
0.456373
0.444740
0.433119
0.426526
0.418389
0.407286
0.400791
0.394265
0.386666
0.380743
0.375854
0.370859
0.366729
0.361856
0.357811
0.354627
0.350693
0.346718
0.343140
0.340275
0.336872
0.333108
0.330205
0.327669
0.324448
0.321328
0.318841
0.316329
0.313582
0.311016
0.308609
0.306243
0.303904
0.301611
0.299372
0.297215
0.295144
0.293049
0.290924
0.288931
0.287019
0.285021
0.283035
0.281197
0.279365
0.277472
0.275658
0.273922
0.272166
0.270432
0.268754
0.267080
0.265413
0.263797
0.262201
0.260603
0.259036
0.257492
0.255945
0.254408
0.252898
0.251407
0.249926
0.248460
0.247007
0.245564
0.244134
0.242715
0.241309
0.239914
0.238529
0.237154
0.235793
0.234442
0.233099
0.231766
0.230445
0.229134
0.227830
0.226537
0.225253
0.223976
0.222709
0.221449
0.220195
0.218948
0.217707
0.216478
0.215255
0.214040
0.212833
0.211631
0.210435
0.209249
0.208068
0.206892
0.205724
0.204561
0.203404
0.202252
0.201106
0.199968
0.198834
0.197704
0.196581
0.195463
0.194349
0.193242
0.192142
0.191046
0.189956
0.188874
0.187800
0.186733
0.185673
0.184619
0.183571
0.182530
0.181493
0.180459
0.179430
0.178407
0.177389
0.176378
0.175371
0.174367
0.173370
0.172378
0.171390
0.170407
0.169430
0.168457
0.167490
0.166528
0.165571
0.164618
0.163671
0.162729
0.161792
0.160859
0.159931
0.159010
0.158093
0.157180
0.156271
0.155366
0.154466
0.153571
0.152681
0.151796
0.150915
0.150038
0.149166
0.148299
0.147436
0.146577
0.145723
0.144872
0.144026
0.143186
0.142349
0.141515
0.140687
0.139863
0.139042
0.138227
0.137416
0.136608
0.135804
0.135006
0.134212
0.133422
0.132636
0.131856
0.131079
0.130307
0.129540
0.128776
0.128018
0.127263
