2.761200
2.429151
2.050044
1.675268
1.336251
1.104526
0.965172
0.786550
0.671270
0.617292
0.596397
0.580295
0.547201
0.526603
0.534571
0.541836
0.523137
0.510420
0.505022
0.500234
0.496863
0.485852
0.470583
0.463005
0.458739
0.449434
0.438940
0.431328
0.424038
0.415529
0.408718
0.404618
0.398927
0.391641
0.387417
0.385445
0.382388
0.377829
0.373892
0.371314
0.368856
0.365661
0.361974
0.358622
0.355858
0.353145
0.350270
0.347312
0.344525
0.342132
0.339908
0.337618
0.335375
0.333293
0.331296
0.329330
0.327397
0.325528
0.323663
0.321784
0.319994
0.318315
0.316633
0.314938
0.313302
0.311744
0.310216
0.308692
0.307195
0.305718
0.304235
0.302773
0.301360
0.299983
0.298597
0.297206
0.295843
0.294521
0.293208
0.291895
0.290593
0.289318
0.288070
0.286830
0.285590
0.284361
0.283154
0.281957
0.280766
0.279588
0.278416
0.277256
0.276104
0.274957
0.273818
0.272691
0.271570
0.270459
0.269358
0.268266
0.267179
0.266101
0.265033
0.263972
0.262917
0.261875
0.260839
0.259807
0.258789
0.257768
0.256757
0.255755
0.254760
0.253767
0.252780
0.251796
0.250820
0.249851
0.248887
0.247924
0.246970
0.246020
0.245078
0.244139
0.243209
0.242279
0.241357
0.240440
0.239525
0.238616
0.237710
0.236807
0.235913
0.235020
0.234133
0.233249
0.232368
0.231492
0.230622
0.229751
0.228886
0.228024
0.227165
0.226308
0.225457
0.224605
0.223757
0.222919
0.222076
0.221241
0.220403
0.219572
0.218749
0.217924
0.217105
0.216292
0.215479
0.214669
0.213865
0.213062
0.212261
0.211463
0.210668
0.209874
0.209085
0.208295
0.207513
0.206726
0.205946
0.205168
0.204392
0.203619
0.202853
0.202083
0.201322
0.200562
0.199803
0.199046
0.198290
0.197539
0.196790
0.196043
0.195300
0.194556
0.193817
0.193078
0.192342
0.191609
0.190878
0.190150
0.189424
0.188701
0.187980
0.187261
0.186546
0.185834
0.185124
0.184417
0.183713
0.183010
